0 14.000000
1 495.000000
2 15840.000000
3 506880.000000
4 16220160.000000
5 519045056.000000
6 16609441792.000000
7 531502137344.000000
8 17008068395008.000000
9 544258188640256.000000
10 17416262036488192.000000
11 557320385167622144.000000
12 17834252325363908608.000000
13 570696074411645075456.000000
14 18262274381172642414592.000000
15 584392780197524557266944.000000
16 18700568966320785832542208.000000
17 598418206922265146641350656.000000
18 19149382621512484692523220992.000000
19 612780243888399510160743071744.000000
20 19608967804428784325143778295808.000000
21 627486969741721098404600905465856.000000
22 20079583031735075148947228974907392.000000
23 642546657015522404766311327197036544.000000
24 20561493024496716952521962470305169408.000000
25 nan
